image_width: 640
image_height: 480
camera_name: rgb_A00365A06777051A
camera_matrix:
  rows: 3
  cols: 3
  data: [582.6788381311558, 0, 315.2171595562344, 0, 548.1896041687752, 281.9732683310607, 0, 0, 1]
distortion_model: plumb_bob
distortion_coefficients:
  rows: 1
  cols: 5
  data: [0.2516381053264965, -0.5447635361056617, 0.01816525363070538, 0.006852023541524133, 0]
rectification_matrix:
  rows: 3
  cols: 3
  data: [1, 0, 0, 0, 1, 0, 0, 0, 1]
projection_matrix:
  rows: 3
  cols: 4
  data: [600.1024780273438, 0, 318.1956906274827, 0, 0, 560.484375, 288.0874980194494, 0, 0, 0, 1, 0]